0.1864 0.860783 1.16317 0.542968 2.66569 1.20053 1.56509 1.6878 1.91137 2.33592 1.49568 3.33179 1.2907 1.15478 1.16793 2.39043 1.50405 0.132893 1.46363 1.45715 
-0.213405 0.858174 0.426408 -0.351889 1.2616 0.271921 1.14659 0.947565 0.895817 0.731696 1.09239 1.29311 -0.157001 0.850697 0.0304251 0.997833 0.663618 -0.200011 1.43867 0.169681 
-0.0460114 -0.528106 -0.248417 0.166805 1.56018 0.689147 1.55834 1.08794 1.50798 1.4638 0.553838 1.00601 0.108722 1.44785 0.722594 1.54555 1.13154 -0.105136 0.71924 0.53599 
-0.738685 -0.320724 -0.318379 -0.284765 1.17777 0.974838 2.33188 0.597215 0.929456 1.31276 1.33082 2.07325 -0.287535 1.42121 0.738017 1.52393 1.03991 -0.274075 1.22292 1.30135 
-0.618908 0.00752311 0.0901046 -0.154543 1.37467 1.26686 1.77146 0.44334 1.92221 1.35397 0.631613 2.37658 -0.519834 0.826897 0.660051 1.3452 0.818699 0.192139 1.76493 0.953612 
-0.311531 0.172396 0.48544 -0.19472 2.30294 0.587366 1.67273 0.613465 0.46353 1.23157 1.23157 2.79785 0.265111 1.3818 1.25107 1.79572 1.60384 0.349397 1.17326 0.214162 
0.805999 0.451055 1.04043 0.213077 1.83196 1.19885 1.92406 0.800282 2.23735 1.78178 1.11431 2.54431 1.4428 1.6333 0.751635 2.6272 1.68393 0.315329 0.896984 2.23301 
0.247836 0.283899 0.466292 0.689361 1.74585 1.5799 1.55468 0.947596 1.71304 1.68439 2.17494 2.86916 1.69389 1.15908 1.08274 1.81719 0.805338 0.287019 1.56097 1.70272 
0.580793 0.692371 1.05968 -0.0156349 1.7869 1.40159 1.67713 1.47191 1.85986 1.95369 1.81384 2.91915 0.823028 1.79079 1.45948 2.01164 1.58828 -0.18394 1.31847 1.26743 
0.526969 0.0391498 0.32681 0.538215 2.23261 1.75729 1.49885 1.1919 1.55377 1.84569 2.00612 2.78766 1.00135 0.897625 1.24448 2.0076 1.51409 0.984245 1.78746 1.46185 
0.475656 1.20914 1.00759 0.674062 2.54347 1.21074 2.30129 1.27055 1.87683 1.67191 1.12944 2.82519 0.971275 1.87154 1.25359 1.86456 0.908948 0.203488 1.7411 1.57581 
0.366683 0.897458 0.785838 0.650244 1.88204 1.05256 2.20122 0.457856 1.77407 1.62773 2.00601 2.54174 0.71399 1.82568 1.61865 2.11848 1.79821 1.08937 1.64402 1.20309 
