0.295193 -0.0122542 -0.0183298 0.417418 0.1047 0.0471961 -0.41196 -0.227261 0.342317 -0.525 -0.0868795 -0.232711 0.0335737 -0.0321899 0.374779 -0.445606 -0.376926 0.811387 0.101486 -0.0378066 
-0.438876 -0.79299 -0.681122 -0.24851 1.02381 -0.0323135 0.128477 0.190163 0.590835 0.174434 -0.208563 -0.023899 -0.582024 0.335818 0.0990573 0.301436 0.488104 -0.471855 -0.0310231 0.327761 
-0.964816 0.317548 -0.13526 -0.607535 0.0304499 -0.107313 0.237352 0.169232 0.168568 0.195145 0.390209 0.748804 -0.484038 -0.303995 -0.379671 0.174652 -0.584392 -0.261735 0.72632 -0.462576 
-0.250057 0.0185658 -0.40456 -0.432999 0.938464 -0.391698 -0.251288 -0.00136644 -0.148754 -0.211815 -0.863044 0.0940535 -1.23753 -0.335255 -0.0170701 0.090089 -0.401907 0.939111 0.0557289 -0.57025 
-1.02224 -0.853997 -0.254226 0.233289 0.750502 -0.45143 0.412617 0.656272 -0.445137 0.545442 -0.479293 0.278777 -0.451982 0.244667 0.443663 0.164516 0.422191 0.203653 -0.330197 -0.00278981 
-0.382766 -0.122162 -0.142408 -0.783544 0.0854697 0.088285 0.777395 -0.329748 0.391162 0.540153 -0.378828 0.865155 -0.334252 -0.45881 -0.424556 0.648539 -0.283532 -0.0805535 -0.143435 0.691938 
-0.311876 0.302673 -0.00793556 0.0154587 0.950939 0.0704441 -0.600255 -0.208326 -0.472651 -0.266281 0.556062 1.13647 0.61493 -0.263413 0.492872 -0.187509 0.124115 0.599803 0.0940612 -0.46939 
0.758496 0.134316 0.694943 0.143581 0.144794 0.584851 -0.463378 0.657372 0.804255 0.498624 0.326374 0.637149 0.579687 -0.108978 0.0744518 0.802184 0.376697 -0.0189158 0.0348646 0.739116 
0.257937 0.273105 0.173968 1.08621 0.858042 1.19328 0.0700742 0.903744 0.429794 0.142978 0.505139 0.596215 0.884014 0.150122 0.694556 -0.36101 -0.0900263 0.415968 0.785544 0.722564 
0.747267 0.709534 0.464642 0.684355 0.0315852 0.13336 -0.0376696 0.299361 0.537848 0.539886 0.541194 0.821175 0.656312 -0.0315527 0.590176 -0.161802 -0.876607 -0.0829162 0.380448 0.108283 
0.233161 0.167956 0.321922 0.326911 0.254255 0.436935 -0.0248001 0.957032 0.533674 0.759334 1.12203 0.406695 -0.0699633 0.680858 0.685904 0.129159 1.20833 0.188288 0.411564 0.336442 
0.520083 1.15254 0.557165 0.883422 1.13064 0.239444 0.207353 0.913969 0.387077 0.345785 -0.27864 0.74013 0.126362 0.148048 0.501872 0.307036 -0.19196 0.398847 0.466216 0.706583 
