0.0364588 0.45471 1.32678 0.702109 0.732862 0.620204 0.320495 0.48112 0.708268 1.18242 0.199125 0.293819 0.987473 -0.117865 -0.616754 0.875283 1.48042 0.00745304 0.608123 0.875548 
0.105664 0.875032 0.679339 0.722908 0.487354 -0.0562338 0.75403 0.90199 -0.0548834 0.288802 0.652298 0.375159 0.187442 0.0945149 0.591439 0.294699 0.338971 1.11342 0.975396 -0.0527368 
0.689849 -0.202989 -0.456103 0.403686 0.790059 0.273001 0.426753 0.859753 0.993855 0.827927 0.250806 0.429708 0.518216 0.611615 0.65741 0.710842 0.432508 0.711462 -0.0829161 0.379084 
0.26249 0.201718 0.203272 0.731314 -0.11562 0.764215 1.09927 0.154462 0.135712 0.434791 0.894269 0.430896 0.176302 0.773784 0.20692 0.325928 0.707745 0.238844 0.66134 1.00245 
0.23599 0.548484 0.325643 0.130321 0.220105 1.24694 0.40805 0.204577 1.20693 0.359227 0.189421 1.09361 0.17966 0.257593 0.426223 0.751603 0.308879 0.31953 1.05531 0.433988 
0.504895 0.39567 0.595897 0.695503 0.623481 0.0928721 0.329909 0.573795 0.236155 0.278125 0.590371 0.803316 0.194992 0.759017 0.750672 0.312271 0.605369 0.53852 0.541348 -0.176482 
0.803597 0.201489 0.404435 0.810328 0.094309 -0.0293294 0.864372 -0.0400049 0.52192 0.573116 -0.0311298 0.0432414 0.914733 0.805209 0.35962 0.587922 0.652019 0.556632 0.302957 0.853833 
0.504898 0.471906 0.253112 1.15261 0.585348 0.538697 0.199708 0.550721 0.449507 0.391993 1.13454 0.429862 0.914829 0.498549 0.692791 -0.258367 0.0174582 0.987192 0.693287 0.536583 
0.790828 0.612141 0.812102 0.505286 0.365081 0.793569 0.641171 0.720429 0.617913 0.481702 0.264576 0.405702 0.441805 0.453507 0.503349 0.506918 0.181928 0.00339456 0.371937 0.191695 
0.815834 0.169057 0.352187 0.370794 0.493209 0.784179 -0.166569 0.945682 0.304841 0.698783 0.838306 0.5386 0.716061 0.084981 -0.0433859 0.430433 0.633653 0.129098 0.338038 0.691343 
0.408818 0.539901 0.47814 0.629557 0.492979 0.37578 0.942758 0.45419 0.933754 0.497398 0.025594 0.345939 0.667711 0.537898 0.443149 0.279836 -0.228587 0.200129 0.765545 0.0900265 
0.623275 0.814208 0.909737 0.612467 0.0548151 0.298537 0.998993 0.0487763 0.16304 0.379624 0.368689 -0.257795 0.248311 0.820602 0.125581 0.701049 0.926813 0.179833 0.27235 0.39562 
