0.789473 0.744985 0.139335 0.911345 0.630319 0.463129 0.144704 0.531027 0.297444 0.187349 0.860232 0.570349 0.107701 0.312888 1.12134 0.036141 0.0375705 1.01689 0.940456 0.273908 
0.827947 0.30678 0.250199 0.250368 0.998406 0.560282 0.385318 0.112441 1.01254 0.184355 0.549225 0.432594 0.154037 0.967084 0.534992 0.557885 0.994659 0.0215517 0.653231 0.886541 
0.24814 0.600217 0.246202 0.0398888 -0.00208428 0.696643 0.940061 -0.00683304 0.501425 0.411566 1.06813 0.990211 0.250289 0.784878 0.576656 0.8028 0.137175 0.210368 0.975877 0.150073 
0.600611 1.05467 0.339957 -0.00374665 1.05339 0.302928 0.165571 0.610773 0.240319 0.280098 0.367967 1.20257 -0.316844 0.212545 0.601489 0.643278 -0.0638185 0.897135 0.709706 0.476136 
0.315341 0.288011 0.595681 0.888113 0.720578 0.166421 0.761929 0.909688 0.167211 0.861392 0.528455 0.659219 0.36183 0.958018 0.901744 0.546931 1.02448 0.637263 0.33899 0.765905 
0.805037 0.472672 0.327657 -0.0524258 0.452109 0.630301 0.885821 0.392437 0.303334 0.885289 0.758323 1.00779 0.422793 0.220707 0.379828 1.0251 0.255427 0.34298 0.369392 0.780323 
0.633681 0.789065 0.193142 0.249768 0.884185 0.602205 0.017726 0.22791 0.0119399 0.348785 1.10953 1.03866 0.513634 0.259159 0.75448 0.189078 0.819318 0.864798 0.48061 0.208906 
0.887003 0.634508 0.834093 0.559042 0.0519094 0.631543 0.0843642 0.430781 0.728937 0.353209 0.608235 0.429265 0.791045 0.429586 0.122654 0.82911 0.319706 -0.0505356 0.307996 1.00628 
0.658427 0.549879 0.467262 0.820685 0.801246 1.07446 0.274334 1.06073 0.36724 0.499052 0.612072 0.582734 0.692337 0.481778 0.843229 -0.015524 0.516488 0.277364 0.614957 0.637671 
0.98938 0.741692 0.397434 0.833662 0.179785 0.0934057 0.457077 0.120836 0.30846 0.854442 0.74057 0.651166 0.634183 0.026673 0.59349 0.329592 -0.209218 0.415527 0.445115 0.181475 
0.253861 0.506632 0.590283 0.360232 0.314097 0.217225 0.208135 0.912964 0.561822 0.646749 0.693173 0.188601 0.0735184 0.956735 0.418742 0.153532 0.992239 -0.241908 0.194514 0.499779 
0.706057 0.94031 0.39694 0.783679 0.781536 0.402097 0.327093 0.675105 0.249226 0.291568 -0.0280314 0.496962 0.110657 0.166647 0.486748 0.397931 0.0297978 0.546434 0.441655 0.774005 
